 0.00000000e+00  3.99996000e+01 
 1.00000000e-11  4.00066215e+01 
 1.12500000e-11  4.00076068e+01 
 1.37500000e-11  4.00097886e+01 
 1.87500000e-11  4.00153719e+01 
 2.87500000e-11  4.00309774e+01 
 3.12500000e-11  4.00359054e+01 
 3.62500000e-11  4.00463686e+01 
 4.62500000e-11  4.00706732e+01 
 4.65625000e-11  4.00715042e+01 
 4.71875000e-11  4.00731739e+01 
 4.84375000e-11  4.00765591e+01 
 5.09375000e-11  4.00835084e+01 
 5.59375000e-11  4.00980880e+01 
 6.59375000e-11  4.01297206e+01 
 8.59375000e-11  4.02011645e+01 
 1.25937500e-10  4.03666304e+01 
 2.03470093e-10  4.07292874e+01 
 3.09833048e-10  4.12504691e+01 
 4.83840535e-10  4.20773748e+01 
 7.38748739e-10  4.31970528e+01 
 1.00000000e-09  4.42357237e+01 
 1.04068176e-09  4.43049091e+01 
 1.12204528e-09  4.43392783e+01 
 1.28477231e-09  4.41334248e+01 
 1.61022638e-09  4.36347813e+01 
 1.91917117e-09  4.32197177e+01 
 2.53706074e-09  4.25012419e+01 
 3.77283989e-09  4.14467562e+01 
 5.77302452e-09  4.04616233e+01 
 7.52249636e-09  4.00561606e+01 
 8.98400782e-09  3.98914093e+01 
 1.04360878e-08  3.98185830e+01 
 1.22075198e-08  3.97978277e+01 
 1.43758828e-08  3.98282081e+01 
 1.63257401e-08  3.98791693e+01 
 1.85883357e-08  3.60773087e+01 
 2.06993877e-08  2.65835059e+01 
 2.34542891e-08  1.42864903e+01 
 2.63844831e-08  5.88411172e+00 
 2.97983644e-08  2.04522451e+00 
 3.29124825e-08  1.13112250e-01 
 3.47207898e-08 -2.39991040e-01 
 3.68633024e-08 -1.12800365e-01 
 3.93441673e-08 -2.68936371e-01 
 4.26972290e-08 -1.39246913e-01 
 4.84505924e-08 -2.12332390e-01 
 5.92526296e-08 -5.61504083e-02 
 8.08567039e-08 -8.67431484e-02 
 9.79198665e-08  2.58271649e-02 
 1.16552644e-07 -5.24803781e-02 
 1.33958204e-07  4.05145444e-02 
 1.56800876e-07 -4.34135885e-02 
 1.85850194e-07  4.37527753e-02 
 2.37039235e-07 -4.10301834e-02 
 3.06644986e-07  4.38310564e-02 
 4.45856488e-07 -4.07905056e-02 
 7.24279493e-07  4.37099956e-02 
 1.28112550e-06 -4.07299485e-02 
 2.28112550e-06  4.36785696e-02 
 3.28112550e-06 -4.07074837e-02 
 4.28112550e-06  4.36560952e-02 
 5.28112550e-06 -4.06850075e-02 
 6.28112550e-06  4.36336201e-02 
 7.28112550e-06 -4.06625358e-02 
 8.28112550e-06  4.36111500e-02 
 9.28112550e-06 -4.06400693e-02 
 1.02811255e-05  4.35886858e-02 
 1.12811255e-05 -4.06176090e-02 
 1.22811255e-05  4.35662280e-02 
 1.32811255e-05 -4.05951554e-02 
 1.42811255e-05  4.35437773e-02 
 1.52811255e-05 -4.05727091e-02 
 1.62811255e-05  4.35213342e-02 
 1.72811255e-05 -4.05502705e-02 
 1.82811255e-05  4.34988990e-02 
 1.92811255e-05 -4.05278400e-02 
 2.02811255e-05  4.34764721e-02 
 2.12811255e-05 -4.05054179e-02 
 2.22811255e-05  4.34540538e-02 
 2.32811255e-05 -4.04830045e-02 
 2.42811255e-05  4.34316443e-02 
 2.52811255e-05 -4.04606000e-02 
 2.62811255e-05  4.34092438e-02 
 2.72811255e-05 -4.04382045e-02 
 2.82811255e-05  4.33868524e-02 
 2.92811255e-05 -4.04158183e-02 
 3.02811255e-05  4.33644704e-02 
 3.12811255e-05 -4.03934415e-02 
 3.22811255e-05  4.33420979e-02 
 3.32811255e-05 -4.03710742e-02 
 3.42811255e-05  4.33197349e-02 
 3.52811255e-05 -4.03487165e-02 
 3.62811255e-05  4.32973816e-02 
 3.72811255e-05 -4.03263685e-02 
 3.82811255e-05  4.32750380e-02 
 3.92811255e-05 -4.03040303e-02 
 4.02811255e-05  4.32527043e-02 
 4.12811255e-05 -4.02817020e-02 
 4.22811255e-05  4.32303805e-02 
 4.32811255e-05 -4.02593836e-02 
 4.42811255e-05  4.32080667e-02 
 4.52811255e-05 -4.02370752e-02 
 4.62811255e-05  4.31857628e-02 
 4.72811255e-05 -4.02147768e-02 
 4.82811255e-05  4.31634691e-02 
 4.92811255e-05 -4.01924886e-02 
 5.02811255e-05  4.31411855e-02 
 5.12811255e-05 -4.01702105e-02 
 5.22811255e-05  4.31189121e-02 
 5.32811255e-05 -4.01479426e-02 
 5.42811255e-05  4.30966489e-02 
 5.52811255e-05 -4.01256850e-02 
 5.62811255e-05  4.30743959e-02 
 5.72811255e-05 -4.01034376e-02 
 5.82811255e-05  4.30521533e-02 
 5.92811255e-05 -4.00812005e-02 
 6.02811255e-05  4.30299210e-02 
 6.12811255e-05 -4.00589738e-02 
 6.22811255e-05  4.30076990e-02 
 6.32811255e-05 -4.00367575e-02 
 6.42811255e-05  4.29854875e-02 
 6.52811255e-05 -4.00145516e-02 
 6.62811255e-05  4.29632864e-02 
 6.72811255e-05 -3.99923561e-02 
 6.82811255e-05  4.29410957e-02 
 6.92811255e-05 -3.99701711e-02 
 7.02811255e-05  4.29189156e-02 
 7.12811255e-05 -3.99479966e-02 
 7.22811255e-05  4.28967459e-02 
 7.32811255e-05 -3.99258327e-02 
 7.42811255e-05  4.28745868e-02 
 7.52811255e-05 -3.99036792e-02 
 7.62811255e-05  4.28524383e-02 
 7.72811255e-05 -3.98815364e-02 
 7.82811255e-05  4.28303003e-02 
 7.92811255e-05 -3.98594042e-02 
 8.02811255e-05  4.28081730e-02 
 8.12811255e-05 -3.98372826e-02 
 8.22811255e-05  4.27860563e-02 
 8.32811255e-05 -3.98151716e-02 
 8.42811255e-05  4.27639503e-02 
 8.52811255e-05 -3.97930714e-02 
 8.62811255e-05  4.27418549e-02 
 8.72811255e-05 -3.97709818e-02 
 8.82811255e-05  4.27197703e-02 
 8.92811255e-05 -3.97489029e-02 
 9.02811255e-05  4.26976963e-02 
 9.12811255e-05 -3.97268348e-02 
 9.22811255e-05  4.26756332e-02 
 9.32811255e-05 -3.97047774e-02 
 9.42811255e-05  4.26535807e-02 
 9.52811255e-05 -3.96827307e-02 
 9.62811255e-05  4.26315391e-02 
 9.72811255e-05 -3.96606949e-02 
 9.82811255e-05  4.26095082e-02 
 9.92811255e-05 -3.96386698e-02 
 1.00281126e-04  4.25874882e-02 
 1.01281126e-04 -3.96166556e-02 
 1.02281126e-04  4.25654789e-02 
 1.03281126e-04 -3.95946522e-02 
 1.04281126e-04  4.25434806e-02 
 1.05281126e-04 -3.95726597e-02 
 1.06281126e-04  4.25214930e-02 
 1.07281126e-04 -3.95506780e-02 
 1.08281126e-04  4.24995164e-02 
 1.09281126e-04 -3.95287072e-02 
 1.10281126e-04  4.24775506e-02 
 1.11281126e-04 -3.95067473e-02 
 1.12281126e-04  4.24555958e-02 
 1.13281126e-04 -3.94847983e-02 
 1.14281126e-04  4.24336518e-02 
 1.15281126e-04 -3.94628602e-02 
 1.16281126e-04  4.24117188e-02 
 1.17281126e-04 -3.94409331e-02 
 1.18281126e-04  4.23897967e-02 
 1.19281126e-04 -3.94190169e-02 
 1.20281126e-04  4.23678856e-02 
 1.21281126e-04 -3.93971116e-02 
 1.22281126e-04  4.23459854e-02 
 1.23281126e-04 -3.93752173e-02 
 1.24281126e-04  4.23240962e-02 
 1.25281126e-04 -3.93533340e-02 
 1.26281126e-04  4.23022180e-02 
 1.27281126e-04 -3.93314617e-02 
 1.28281126e-04  4.22803507e-02 
 1.29281126e-04 -3.93096004e-02 
 1.30281126e-04  4.22584945e-02 
 1.31281126e-04 -3.92877501e-02 
 1.32281126e-04  4.22366493e-02 
 1.33281126e-04 -3.92659108e-02 
 1.34281126e-04  4.22148151e-02 
 1.35281126e-04 -3.92440825e-02 
 1.36281126e-04  4.21929919e-02 
 1.37281126e-04 -3.92222652e-02 
 1.38281126e-04  4.21711798e-02 
 1.39281126e-04 -3.92004590e-02 
 1.40281126e-04  4.21493787e-02 
 1.41281126e-04 -3.91786639e-02 
 1.42281126e-04  4.21275886e-02 
 1.43281126e-04 -3.91568798e-02 
 1.44281126e-04  4.21058097e-02 
 1.45281126e-04 -3.91351067e-02 
 1.46281126e-04  4.20840417e-02 
 1.47281126e-04 -3.91133448e-02 
 1.48281126e-04  4.20622849e-02 
 1.49281126e-04 -3.90915939e-02 
 1.50281126e-04  4.20405391e-02 
 1.51281126e-04 -3.90698540e-02 
 1.52281126e-04  4.20188045e-02 
 1.53281126e-04 -3.90481253e-02 
 1.54281126e-04  4.19970809e-02 
 1.55281126e-04 -3.90264077e-02 
 1.56281126e-04  4.19753684e-02 
 1.57281126e-04 -3.90047011e-02 
 1.58281126e-04  4.19536670e-02 
 1.59281126e-04 -3.89830057e-02 
 1.60281126e-04  4.19319767e-02 
 1.61281126e-04 -3.89613214e-02 
 1.62281126e-04  4.19102975e-02 
 1.63281126e-04 -3.89396482e-02 
 1.64281126e-04  4.18886295e-02 
 1.65281126e-04 -3.89179861e-02 
 1.66281126e-04  4.18669725e-02 
 1.67281126e-04 -3.88963351e-02 
 1.68281126e-04  4.18453267e-02 
 1.69281126e-04 -3.88746952e-02 
 1.70281126e-04  4.18236920e-02 
 1.71281126e-04 -3.88530665e-02 
 1.72281126e-04  4.18020685e-02 
 1.73281126e-04 -3.88314489e-02 
 1.74281126e-04  4.17804560e-02 
 1.75281126e-04 -3.88098425e-02 
 1.76281126e-04  4.17588548e-02 
 1.77281126e-04 -3.87882472e-02 
 1.78281126e-04  4.17372646e-02 
 1.79281126e-04 -3.87666630e-02 
 1.80281126e-04  4.17156856e-02 
 1.81281126e-04 -3.87450899e-02 
 1.82281126e-04  4.16941177e-02 
 1.83281126e-04 -3.87235280e-02 
 1.84281126e-04  4.16725610e-02 
 1.85281126e-04 -3.87019773e-02 
 1.86281126e-04  4.16510154e-02 
 1.87281126e-04 -3.86804377e-02 
 1.88281126e-04  4.16294810e-02 
 1.89281126e-04 -3.86589092e-02 
 1.90281126e-04  4.16079577e-02 
 1.91281126e-04 -3.86373919e-02 
 1.92281126e-04  4.15864456e-02 
 1.93281126e-04 -3.86158858e-02 
 1.94281126e-04  4.15649446e-02 
 1.95281126e-04 -3.85943908e-02 
 1.96281126e-04  4.15434548e-02 
 1.97281126e-04 -3.85729069e-02 
 1.98281126e-04  4.15219761e-02 
 1.99281126e-04 -3.85514343e-02 
 2.00001000e-04  4.14963337e-02 
 2.00001100e-04 -2.94530070e-01 
 2.00001300e-04 -1.16496745e+00 
 2.00001409e-04 -1.71485511e+00 
 2.00001516e-04 -2.21665960e+00 
 2.00001624e-04 -2.70132412e+00 
 2.00001724e-04 -3.13217966e+00 
 2.00001822e-04 -3.53795841e+00 
 2.00001915e-04 -3.90876418e+00 
 2.00002000e-04 -4.23604126e+00 
 2.00002009e-04 -4.26359771e+00 
 2.00002026e-04 -4.30893270e+00 
 2.00002061e-04 -4.35323949e+00 
 2.00002098e-04 -4.35464685e+00 
 2.00002149e-04 -4.31613810e+00 
 2.00002250e-04 -4.18372619e+00 
 2.00002454e-04 -3.87709394e+00 
 2.00002862e-04 -3.31035470e+00 
 2.00003677e-04 -2.38478373e+00 
 2.00005307e-04 -1.13081994e+00 
 2.00007676e-04 -1.96716950e-01 
 2.00010823e-04  2.65689920e-01 
 2.00014423e-04  3.80848866e-01 
 2.00019425e-04  3.59421888e-01 
 2.00024280e-04  3.43691201e-01 
 2.00029058e-04  3.86209932e-01 
 2.00037351e-04  5.10350068e-01 
 2.00045606e-04  6.87793286e-01 
 2.00057335e-04  1.01161024e+00 
 2.00070150e-04  1.38200555e+00 
 2.00078263e-04  1.71672584e+00 
 2.00082563e-04  1.89940383e+00 
 2.00088453e-04  2.15595729e+00 
 2.00100233e-04  2.71749946e+00 
 2.00120036e-04  3.75867676e+00 
 2.00140881e-04  4.98417227e+00 
 2.00161229e-04  6.28179766e+00 
 2.00182577e-04  7.74226319e+00 
 2.00211508e-04  9.83963912e+00 
 2.00249768e-04  1.27596380e+01 
 2.00309832e-04  1.74199218e+01 
 2.00402319e-04  2.40772618e+01 
 2.00587293e-04  3.34768646e+01 
 2.00822900e-04  3.84283130e+01 
 2.00934396e-04  3.91577179e+01 
 2.01075448e-04  3.96291391e+01 
 2.01213402e-04  3.98318098e+01 
 2.01442904e-04  3.99634081e+01 
 2.01739482e-04  3.99948746e+01 
 2.02332639e-04  4.00015547e+01 
 2.02450432e-04  4.00001406e+01 
 2.02558014e-04  3.99998892e+01 
 2.02564453e-04  3.99998808e+01 
 2.02577332e-04  3.99998622e+01 
 2.02590852e-04  3.99998429e+01 
 2.02608643e-04  3.99998202e+01 
 2.02624850e-04  3.99998012e+01 
 2.02654350e-04  3.99997708e+01 
 2.02701774e-04  3.99997311e+01 
 2.02766590e-04  3.99996912e+01 
 2.02896221e-04  3.99996430e+01 
 2.03053854e-04  3.99996169e+01 
 2.03300202e-04  3.99996032e+01 
 2.03560482e-04  3.99996005e+01 
 2.04057038e-04  3.99995999e+01 
 2.04642435e-04  3.99996000e+01 
 2.05642435e-04  3.99996000e+01 
 2.06642435e-04  3.99996000e+01 
 2.07642435e-04  3.99996000e+01 
 2.08642435e-04  3.99996000e+01 
 2.09642435e-04  3.99996000e+01 
 2.10642435e-04  3.99996000e+01 
 2.11642435e-04  3.99996000e+01 
 2.12642435e-04  3.99996000e+01 
 2.13642435e-04  3.99996000e+01 
 2.14642435e-04  3.99996000e+01 
 2.15642435e-04  3.99996000e+01 
 2.16642435e-04  3.99996000e+01 
 2.17642435e-04  3.99996000e+01 
 2.18642435e-04  3.99996000e+01 
 2.19642435e-04  3.99996000e+01 
 2.20642435e-04  3.99996000e+01 
 2.21642435e-04  3.99996000e+01 
 2.22642435e-04  3.99996000e+01 
 2.23642435e-04  3.99996000e+01 
 2.24642435e-04  3.99996000e+01 
 2.24767435e-04  3.99996000e+01 
 2.25017435e-04  3.99996000e+01 
 2.25517435e-04  3.99996000e+01 
 2.26517435e-04  3.99996000e+01 
 2.27517435e-04  3.99996000e+01 
 2.27642435e-04  3.99996000e+01 
 2.27892435e-04  3.99996000e+01 
 2.28392435e-04  3.99996000e+01 
 2.29392435e-04  3.99996000e+01 
 2.30392435e-04  3.99996000e+01 
 2.31392435e-04  3.99996000e+01 
 2.32392435e-04  3.99996000e+01 
 2.33392435e-04  3.99996000e+01 
 2.34392435e-04  3.99996000e+01 
 2.35392435e-04  3.99996000e+01 
 2.36392435e-04  3.99996000e+01 
 2.37392435e-04  3.99996000e+01 
 2.38392435e-04  3.99996000e+01 
 2.39392435e-04  3.99996000e+01 
 2.40392435e-04  3.99996000e+01 
 2.41392435e-04  3.99996000e+01 
 2.42392435e-04  3.99996000e+01 
 2.43392435e-04  3.99996000e+01 
 2.44392435e-04  3.99996000e+01 
 2.45392435e-04  3.99996000e+01 
 2.45517435e-04  3.99996000e+01 
 2.45767435e-04  3.99996000e+01 
 2.46267435e-04  3.99996000e+01 
 2.47267435e-04  3.99996000e+01 
 2.48267435e-04  3.99996000e+01 
 2.49267435e-04  3.99996000e+01 
 2.50267435e-04  3.99996000e+01 
 2.51267435e-04  3.99996000e+01 
 2.52267435e-04  3.99996000e+01 
 2.53267435e-04  3.99996000e+01 
 2.54267435e-04  3.99996000e+01 
 2.55267435e-04  3.99996000e+01 
 2.56267435e-04  3.99996000e+01 
 2.57267435e-04  3.99996000e+01 
 2.58267435e-04  3.99996000e+01 
 2.59267435e-04  3.99996000e+01 
 2.60267435e-04  3.99996000e+01 
 2.61267435e-04  3.99996000e+01 
 2.62267435e-04  3.99996000e+01 
 2.63267435e-04  3.99996000e+01 
 2.64267435e-04  3.99996000e+01 
 2.65267435e-04  3.99996000e+01 
 2.66267435e-04  3.99996000e+01 
 2.67267435e-04  3.99996000e+01 
 2.68267435e-04  3.99996000e+01 
 2.69267435e-04  3.99996000e+01 
 2.70267435e-04  3.99996000e+01 
 2.71267435e-04  3.99996000e+01 
 2.72267435e-04  3.99996000e+01 
 2.73267435e-04  3.99996000e+01 
 2.74267435e-04  3.99996000e+01 
 2.75267435e-04  3.99996000e+01 
 2.75392435e-04  3.99996000e+01 
 2.75642435e-04  3.99996000e+01 
 2.76142435e-04  3.99996000e+01 
 2.77142435e-04  3.99996000e+01 
 2.78142435e-04  3.99996000e+01 
 2.79142435e-04  3.99996000e+01 
 2.80142435e-04  3.99996000e+01 
 2.81142435e-04  3.99996000e+01 
 2.82142435e-04  3.99996000e+01 
 2.83142435e-04  3.99996000e+01 
 2.84142435e-04  3.99996000e+01 
 2.85142435e-04  3.99996000e+01 
 2.86142435e-04  3.99996000e+01 
 2.87142435e-04  3.99996000e+01 
 2.88142435e-04  3.99996000e+01 
 2.89142435e-04  3.99996000e+01 
 2.90142435e-04  3.99996000e+01 
 2.91142435e-04  3.99996000e+01 
 2.91267435e-04  3.99996000e+01 
 2.91517435e-04  3.99996000e+01 
 2.92017435e-04  3.99996000e+01 
 2.93017435e-04  3.99996000e+01 
 2.94017435e-04  3.99996000e+01 
 2.95017435e-04  3.99996000e+01 
 2.96017435e-04  3.99996000e+01 
 2.97017435e-04  3.99996000e+01 
 2.98017435e-04  3.99996000e+01 
 2.99017435e-04  3.99996000e+01 
 3.00017435e-04  3.99996000e+01 
 3.01017435e-04  3.99996000e+01 
 3.02017435e-04  3.99996000e+01 
 3.03017435e-04  3.99996000e+01 
 3.04017435e-04  3.99996000e+01 
 3.05017435e-04  3.99996000e+01 
 3.06017435e-04  3.99996000e+01 
 3.07017435e-04  3.99996000e+01 
 3.08017435e-04  3.99996000e+01 
 3.09017435e-04  3.99996000e+01 
 3.10017435e-04  3.99996000e+01 
 3.11017435e-04  3.99996000e+01 
 3.12017435e-04  3.99996000e+01 
 3.13017435e-04  3.99996000e+01 
 3.14017435e-04  3.99996000e+01 
 3.15017435e-04  3.99996000e+01 
 3.16017435e-04  3.99996000e+01 
 3.17017435e-04  3.99996000e+01 
 3.17142435e-04  3.99996000e+01 
 3.17392435e-04  3.99996000e+01 
 3.17892435e-04  3.99996000e+01 
 3.18892435e-04  3.99996000e+01 
 3.19892435e-04  3.99996000e+01 
 3.20892435e-04  3.99996000e+01 
 3.21017435e-04  3.99996000e+01 
 3.21267435e-04  3.99996000e+01 
 3.21767435e-04  3.99996000e+01 
 3.22767435e-04  3.99996000e+01 
 3.23767435e-04  3.99996000e+01 
 3.24767435e-04  3.99996000e+01 
 3.25767435e-04  3.99996000e+01 
 3.26767435e-04  3.99996000e+01 
 3.27767435e-04  3.99996000e+01 
 3.28767435e-04  3.99996000e+01 
 3.29767435e-04  3.99996000e+01 
 3.30767435e-04  3.99996000e+01 
 3.31767435e-04  3.99996000e+01 
 3.32767435e-04  3.99996000e+01 
 3.33767435e-04  3.99996000e+01 
 3.34767435e-04  3.99996000e+01 
 3.35767435e-04  3.99996000e+01 
 3.36767435e-04  3.99996000e+01 
 3.37767435e-04  3.99996000e+01 
 3.38767435e-04  3.99996000e+01 
 3.39767435e-04  3.99996000e+01 
 3.40767435e-04  3.99996000e+01 
 3.41767435e-04  3.99996000e+01 
 3.42767435e-04  3.99996000e+01 
 3.43767435e-04  3.99996000e+01 
 3.44767435e-04  3.99996000e+01 
 3.45767435e-04  3.99996000e+01 
 3.46767435e-04  3.99996000e+01 
 3.47767435e-04  3.99996000e+01 
 3.48767435e-04  3.99996000e+01 
 3.49767435e-04  3.99996000e+01 
 3.50767435e-04  3.99996000e+01 
 3.51767435e-04  3.99996000e+01 
 3.52767435e-04  3.99996000e+01 
 3.53767435e-04  3.99996000e+01 
 3.54767435e-04  3.99996000e+01 
 3.55767435e-04  3.99996000e+01 
 3.56767435e-04  3.99996000e+01 
 3.57767435e-04  3.99996000e+01 
 3.58767435e-04  3.99996000e+01 
 3.59767435e-04  3.99996000e+01 
 3.60767435e-04  3.99996000e+01 
 3.61767435e-04  3.99996000e+01 
 3.62767435e-04  3.99996000e+01 
 3.63767435e-04  3.99996000e+01 
 3.64767435e-04  3.99996000e+01 
 3.65767435e-04  3.99996000e+01 
 3.66767435e-04  3.99996000e+01 
 3.67767435e-04  3.99996000e+01 
 3.68767435e-04  3.99996000e+01 
 3.69767435e-04  3.99996000e+01 
 3.70767435e-04  3.99996000e+01 
 3.71767435e-04  3.99996000e+01 
 3.72767435e-04  3.99996000e+01 
 3.73767435e-04  3.99996000e+01 
 3.74767435e-04  3.99996000e+01 
 3.75767435e-04  3.99996000e+01 
 3.76767435e-04  3.99996000e+01 
 3.77767435e-04  3.99996000e+01 
 3.78767435e-04  3.99996000e+01 
 3.79767435e-04  3.99996000e+01 
 3.79892435e-04  3.99996000e+01 
 3.80142435e-04  3.99996000e+01 
 3.80642435e-04  3.99996000e+01 
 3.81642435e-04  3.99996000e+01 
 3.82642435e-04  3.99996000e+01 
 3.83642435e-04  3.99996000e+01 
 3.84642435e-04  3.99996000e+01 
 3.85642435e-04  3.99996000e+01 
 3.86642435e-04  3.99996000e+01 
 3.87642435e-04  3.99996000e+01 
 3.88642435e-04  3.99996000e+01 
 3.89642435e-04  3.99996000e+01 
 3.90642435e-04  3.99996000e+01 
 3.91642435e-04  3.99996000e+01 
 3.92642435e-04  3.99996000e+01 
 3.93642435e-04  3.99996000e+01 
 3.94642435e-04  3.99996000e+01 
 3.95642435e-04  3.99996000e+01 
 3.96642435e-04  3.99996000e+01 
 3.97642435e-04  3.99996000e+01 
 3.98642435e-04  3.99996000e+01 
 3.99642435e-04  3.99996000e+01 
 4.00002000e-04  3.99996000e+01 
 4.00002100e-04  4.03116242e+01 
 4.00002300e-04  4.11621751e+01 
 4.00002642e-04  4.27895775e+01 
 4.00002960e-04  4.40711989e+01 
 4.00003000e-04  4.42273875e+01 
 4.00003039e-04  4.42971632e+01 
 4.00003118e-04  4.43357151e+01 
 4.00003138e-04  4.43162993e+01 
 4.00003178e-04  4.42717010e+01 
 4.00003257e-04  4.41617345e+01 
 4.00003415e-04  4.39217897e+01 
 4.00003730e-04  4.34650159e+01 
 4.00004362e-04  4.26860871e+01 
 4.00005625e-04  4.15448859e+01 
 4.00007658e-04  4.04961680e+01 
 4.00009412e-04  4.00712888e+01 
 4.00010854e-04  3.99009284e+01 
 4.00011034e-04  3.98880376e+01 
 4.00011392e-04  3.98647046e+01 
 4.00012109e-04  3.98307596e+01 
 4.00013544e-04  3.98007071e+01 
 4.00016176e-04  3.98228400e+01 
 4.00018633e-04  3.98875698e+01 
 4.00021454e-04  3.25354927e+01 
 4.00024087e-04  1.98425335e+01 
 4.00026558e-04  1.06228992e+01 
 4.00029415e-04  3.74581171e+00 
 4.00031998e-04  4.45873409e-01 
 4.00033399e-04 -7.51899677e-02 
 4.00034789e-04 -1.08396778e-01 
 4.00035456e-04 -1.54338716e-01 
 4.00036106e-04 -1.62802395e-01 
 4.00036586e-04 -1.75301060e-01 
 4.00036915e-04 -1.81536728e-01 
 4.00037060e-04 -1.82212377e-01 
 4.00037130e-04 -1.83724723e-01 
 4.00037213e-04 -1.84924334e-01 
 4.00037290e-04 -1.85887159e-01 
 4.00037386e-04 -1.87075908e-01 
 4.00037489e-04 -1.88259448e-01 
 4.00037644e-04 -1.89927333e-01 
 4.00037859e-04 -1.91986514e-01 
 4.00038197e-04 -1.94695254e-01 
 4.00038750e-04 -1.97884650e-01 
 4.00039637e-04 -2.00414510e-01 
 4.00041180e-04 -1.99443996e-01 
 4.00043446e-04 -1.90854999e-01 
 4.00047979e-04 -1.65114694e-01 
 4.00055233e-04 -1.24279781e-01 
 4.00069739e-04 -6.79178824e-02 
 4.00086853e-04 -3.27667646e-02 
 4.00102852e-04 -1.62170059e-02 
 4.00120814e-04 -6.92591248e-03 
 4.00137114e-04 -2.80127180e-03 
 4.00154332e-04 -6.30191068e-04 
 4.00170645e-04  4.10919397e-04 
 4.00187829e-04  9.45528703e-04 
 4.00204411e-04  1.21739090e-03 
 4.00221496e-04  1.34148991e-03 
 4.00238163e-04  1.41692939e-03 
 4.00255247e-04  1.44020727e-03 
 4.00272153e-04  1.46643446e-03 
 4.00289574e-04  1.46498123e-03 
 4.00307146e-04  1.47864171e-03 
 4.00325978e-04  1.47123227e-03 
 4.00348455e-04  1.48164570e-03 
 4.00377176e-04  1.47286845e-03 
 4.00419654e-04  1.48222044e-03 
 4.00493366e-04  1.47309474e-03 
 4.00634036e-04  1.48221023e-03 
 4.00915377e-04  1.47310518e-03 
 4.01478059e-04  1.48220461e-03 
 4.02478059e-04  1.47310818e-03 
 4.03478059e-04  1.48220248e-03 
 4.04478059e-04  1.47311040e-03 
 4.05478059e-04  1.48220029e-03 
 4.06478059e-04  1.47311261e-03 
 4.07478059e-04  1.48219807e-03 
 4.08478059e-04  1.47311483e-03 
 4.09478059e-04  1.48219584e-03 
 4.10478059e-04  1.47311707e-03 
 4.11478059e-04  1.48219359e-03 
 4.12478059e-04  1.47311932e-03 
 4.13478059e-04  1.48219134e-03 
 4.14478059e-04  1.47312159e-03 
 4.15478059e-04  1.48218907e-03 
 4.16478059e-04  1.47312385e-03 
 4.17478059e-04  1.48218680e-03 
 4.18478059e-04  1.47312613e-03 
 4.19478059e-04  1.48218452e-03 
 4.20478059e-04  1.47312841e-03 
 4.21478059e-04  1.48218224e-03 
 4.22478059e-04  1.47313069e-03 
 4.23478059e-04  1.48217996e-03 
 4.24478059e-04  1.47313297e-03 
 4.25478059e-04  1.48217767e-03 
 4.26478059e-04  1.47313526e-03 
 4.27478059e-04  1.48217539e-03 
 4.28478059e-04  1.47313755e-03 
 4.29478059e-04  1.48217310e-03 
 4.30478059e-04  1.47313984e-03 
 4.31478059e-04  1.48217081e-03 
 4.32478059e-04  1.47314213e-03 
 4.33478059e-04  1.48216852e-03 
 4.34478059e-04  1.47314442e-03 
 4.35478059e-04  1.48216623e-03 
 4.36478059e-04  1.47314670e-03 
 4.37478059e-04  1.48216394e-03 
 4.38478059e-04  1.47314899e-03 
 4.39478059e-04  1.48216165e-03 
 4.40478059e-04  1.47315128e-03 
 4.41478059e-04  1.48215936e-03 
 4.42478059e-04  1.47315357e-03 
 4.43478059e-04  1.48215708e-03 
 4.44478059e-04  1.47315586e-03 
 4.45478059e-04  1.48215479e-03 
 4.46478059e-04  1.47315814e-03 
 4.47478059e-04  1.48215250e-03 
 4.48478059e-04  1.47316043e-03 
 4.49478059e-04  1.48215022e-03 
 4.50478059e-04  1.47316271e-03 
 4.51478059e-04  1.48214794e-03 
 4.52478059e-04  1.47316499e-03 
 4.53478059e-04  1.48214565e-03 
 4.54478059e-04  1.47316728e-03 
 4.55478059e-04  1.48214337e-03 
 4.56478059e-04  1.47316956e-03 
 4.57478059e-04  1.48214109e-03 
 4.58478059e-04  1.47317184e-03 
 4.59478059e-04  1.48213881e-03 
 4.60478059e-04  1.47317412e-03 
 4.61478059e-04  1.48213653e-03 
 4.62478059e-04  1.47317639e-03 
 4.63478059e-04  1.48213426e-03 
 4.64478059e-04  1.47317867e-03 
 4.65478059e-04  1.48213198e-03 
 4.66478059e-04  1.47318094e-03 
 4.67478059e-04  1.48212971e-03 
 4.68478059e-04  1.47318322e-03 
 4.69478059e-04  1.48212743e-03 
 4.70478059e-04  1.47318549e-03 
 4.71478059e-04  1.48212516e-03 
 4.72478059e-04  1.47318776e-03 
 4.73478059e-04  1.48212289e-03 
 4.74478059e-04  1.47319003e-03 
 4.75478059e-04  1.48212062e-03 
 4.76478059e-04  1.47319230e-03 
 4.77478059e-04  1.48211835e-03 
 4.78478059e-04  1.47319457e-03 
 4.79478059e-04  1.48211609e-03 
 4.80478059e-04  1.47319684e-03 
 4.81478059e-04  1.48211382e-03 
 4.82478059e-04  1.47319910e-03 
 4.83478059e-04  1.48211156e-03 
 4.84478059e-04  1.47320136e-03 
 4.85478059e-04  1.48210929e-03 
 4.86478059e-04  1.47320363e-03 
 4.87478059e-04  1.48210703e-03 
 4.88478059e-04  1.47320589e-03 
 4.89478059e-04  1.48210477e-03 
 4.90478059e-04  1.47320815e-03 
 4.91478059e-04  1.48210251e-03 
 4.92478059e-04  1.47321041e-03 
 4.93478059e-04  1.48210025e-03 
 4.94478059e-04  1.47321267e-03 
 4.95478059e-04  1.48209799e-03 
 4.96478059e-04  1.47321492e-03 
 4.97478059e-04  1.48209574e-03 
 4.98478059e-04  1.47321718e-03 
 4.99478059e-04  1.48209348e-03 
 5.00478059e-04  1.47321943e-03 
 5.01478059e-04  1.48209123e-03 
 5.02478059e-04  1.47322169e-03 
 5.03478059e-04  1.48208898e-03 
 5.04478059e-04  1.47322394e-03 
 5.05478059e-04  1.48208673e-03 
 5.06478059e-04  1.47322619e-03 
 5.07478059e-04  1.48208448e-03 
 5.08478059e-04  1.47322844e-03 
 5.09478059e-04  1.48208223e-03 
 5.10478059e-04  1.47323068e-03 
 5.11478059e-04  1.48207998e-03 
 5.12478059e-04  1.47323293e-03 
 5.13478059e-04  1.48207773e-03 
 5.14478059e-04  1.47323518e-03 
 5.15478059e-04  1.48207549e-03 
 5.16478059e-04  1.47323742e-03 
 5.17478059e-04  1.48207325e-03 
 5.18478059e-04  1.47323966e-03 
 5.19478059e-04  1.48207100e-03 
 5.20478059e-04  1.47324191e-03 
 5.21478059e-04  1.48206876e-03 
 5.22478059e-04  1.47324415e-03 
 5.23478059e-04  1.48206652e-03 
 5.24478059e-04  1.47324639e-03 
 5.25478059e-04  1.48206428e-03 
 5.26478059e-04  1.47324863e-03 
 5.27478059e-04  1.48206205e-03 
 5.28478059e-04  1.47325086e-03 
 5.29478059e-04  1.48205981e-03 
 5.30478059e-04  1.47325310e-03 
 5.31478059e-04  1.48205757e-03 
 5.32478059e-04  1.47325533e-03 
 5.33478059e-04  1.48205534e-03 
 5.34478059e-04  1.47325757e-03 
 5.35478059e-04  1.48205311e-03 
 5.36478059e-04  1.47325980e-03 
 5.37478059e-04  1.48205088e-03 
 5.38478059e-04  1.47326203e-03 
 5.39478059e-04  1.48204864e-03 
 5.40478059e-04  1.47326426e-03 
 5.41478059e-04  1.48204642e-03 
 5.42478059e-04  1.47326649e-03 
 5.43478059e-04  1.48204419e-03 
 5.44478059e-04  1.47326871e-03 
 5.45478059e-04  1.48204196e-03 
 5.46478059e-04  1.47327094e-03 
 5.47478059e-04  1.48203974e-03 
 5.48478059e-04  1.47327317e-03 
 5.49478059e-04  1.48203751e-03 
 5.50478059e-04  1.47327539e-03 
 5.51478059e-04  1.48203529e-03 
 5.52478059e-04  1.47327761e-03 
 5.53478059e-04  1.48203307e-03 
 5.54478059e-04  1.47327983e-03 
 5.55478059e-04  1.48203084e-03 
 5.56478059e-04  1.47328205e-03 
 5.57478059e-04  1.48202863e-03 
 5.58478059e-04  1.47328427e-03 
 5.59478059e-04  1.48202641e-03 
 5.60478059e-04  1.47328649e-03 
 5.61478059e-04  1.48202419e-03 
 5.62478059e-04  1.47328871e-03 
 5.63478059e-04  1.48202197e-03 
 5.64478059e-04  1.47329092e-03 
 5.65478059e-04  1.48201976e-03 
 5.66478059e-04  1.47329314e-03 
 5.67478059e-04  1.48201755e-03 
 5.68478059e-04  1.47329535e-03 
 5.69478059e-04  1.48201533e-03 
 5.70478059e-04  1.47329756e-03 
 5.71478059e-04  1.48201312e-03 
 5.72478059e-04  1.47329977e-03 
 5.73478059e-04  1.48201091e-03 
 5.74478059e-04  1.47330198e-03 
 5.75478059e-04  1.48200870e-03 
 5.76478059e-04  1.47330419e-03 
 5.77478059e-04  1.48200649e-03 
 5.78478059e-04  1.47330640e-03 
 5.79478059e-04  1.48200429e-03 
 5.80478059e-04  1.47330860e-03 
 5.81478059e-04  1.48200208e-03 
 5.82478059e-04  1.47331081e-03 
 5.83478059e-04  1.48199988e-03 
 5.84478059e-04  1.47331301e-03 
 5.85478059e-04  1.48199768e-03 
 5.86478059e-04  1.47331521e-03 
 5.87478059e-04  1.48199547e-03 
 5.88478059e-04  1.47331742e-03 
 5.89478059e-04  1.48199327e-03 
 5.90478059e-04  1.47331962e-03 
 5.91478059e-04  1.48199107e-03 
 5.92478059e-04  1.47332181e-03 
 5.93478059e-04  1.48198888e-03 
 5.94478059e-04  1.47332401e-03 
 5.95478059e-04  1.48198668e-03 
 5.96478059e-04  1.47332621e-03 
 5.97478059e-04  1.48198448e-03 
 5.98478059e-04  1.47332840e-03 
 5.99478059e-04  1.48198229e-03 
 6.00003000e-04  1.47333161e-03 
 6.00003100e-04 -3.10646813e-01 
 6.00003300e-04 -1.16173989e+00 
 6.00003700e-04 -3.04634017e+00 
 6.00004000e-04 -4.23373331e+00 
 6.00004039e-04 -4.30539438e+00 
 6.00004118e-04 -4.34687381e+00 
 6.00004276e-04 -4.15613218e+00 
 6.00004592e-04 -3.67671535e+00 
 6.00005224e-04 -2.87134233e+00 
 6.00006488e-04 -1.67655203e+00 
 6.00009016e-04 -3.69316414e-01 
 6.00011704e-04  1.63489788e-01 
 6.00015348e-04  3.69384631e-01 
 6.00019521e-04  3.76673376e-01 
 6.00024024e-04  3.51312955e-01 
 6.00028292e-04  3.69580242e-01 
 6.00036058e-04  4.64078066e-01 
 6.00044332e-04  6.23662292e-01 
 6.00046401e-04  6.71448128e-01 
 6.00050538e-04  7.74293374e-01 
 6.00058812e-04  1.00987515e+00 
 6.00066649e-04  1.38644283e+00 
 6.00072715e-04  1.59539953e+00 
 6.00075850e-04  1.71420291e+00 
 6.00079797e-04  1.88787442e+00 
 6.00087690e-04  2.23422098e+00 
 6.00099500e-04  2.80853039e+00 
 6.00119033e-04  3.84501748e+00 
 6.00139900e-04  5.08317558e+00 
 6.00160980e-04  6.43580559e+00 
 6.00182944e-04  7.95191127e+00 
 6.00214000e-04  1.02200830e+01 
 6.00253106e-04  1.32226788e+01 
 6.00322414e-04  1.85775306e+01 
 6.00419529e-04  2.53505859e+01 
 6.00613757e-04  3.44430164e+01 
 6.00874808e-04  3.89670703e+01 
 6.01025232e-04  3.95669030e+01 
 6.01182172e-04  3.98307709e+01 
 6.01361180e-04  3.99401582e+01 
 6.01719196e-04  4.00011355e+01 
 6.02288217e-04  3.99978671e+01 
 6.03288217e-04  4.00013621e+01 
 6.04288217e-04  3.99978247e+01 
 6.05288217e-04  4.00013808e+01 
 6.06288217e-04  3.99978173e+01 
 6.07288217e-04  4.00013829e+01 
 6.07413217e-04  3.99996019e+01 
 6.07570230e-04  3.99995969e+01 
 6.07589271e-04  3.99995996e+01 
 6.07593052e-04  3.99995998e+01 
 6.07600615e-04  3.99995999e+01 
 6.07615740e-04  3.99995998e+01 
 6.07634922e-04  3.99995998e+01 
 6.07661527e-04  3.99995998e+01 
 6.07668178e-04  3.99995998e+01 
 6.07681480e-04  3.99995998e+01 
 6.07684806e-04  3.99995998e+01 
 6.07691457e-04  3.99995998e+01 
 6.07704759e-04  3.99995998e+01 
 6.07731364e-04  3.99995999e+01 
 6.07784573e-04  3.99995999e+01 
 6.07890990e-04  3.99995999e+01 
 6.08103826e-04  3.99996000e+01 
 6.08110477e-04  3.99996000e+01 
 6.08123780e-04  3.99996000e+01 
 6.08150384e-04  3.99996000e+01 
 6.08203593e-04  3.99996000e+01 
 6.08310011e-04  3.99996000e+01 
 6.08522847e-04  3.99996000e+01 
 6.08948518e-04  3.99996000e+01 
 6.09799862e-04  3.99996000e+01 
 6.10799862e-04  3.99996000e+01 
 6.11799862e-04  3.99996000e+01 
 6.12799862e-04  3.99996000e+01 
 6.13799862e-04  3.99996000e+01 
 6.14799862e-04  3.99996000e+01 
 6.15799862e-04  3.99996000e+01 
 6.16799862e-04  3.99996000e+01 
 6.17799862e-04  3.99996000e+01 
 6.18799862e-04  3.99996000e+01 
 6.19799862e-04  3.99996000e+01 
 6.20799862e-04  3.99996000e+01 
 6.21799862e-04  3.99996000e+01 
 6.22799862e-04  3.99996000e+01 
 6.23799862e-04  3.99996000e+01 
 6.24799862e-04  3.99996000e+01 
 6.25799862e-04  3.99996000e+01 
 6.26799862e-04  3.99996000e+01 
 6.27799862e-04  3.99996000e+01 
 6.28799862e-04  3.99996000e+01 
 6.29799862e-04  3.99996000e+01 
 6.30799862e-04  3.99996000e+01 
 6.31799862e-04  3.99996000e+01 
 6.32799862e-04  3.99996000e+01 
 6.33799862e-04  3.99996000e+01 
 6.34799862e-04  3.99996000e+01 
 6.35799862e-04  3.99996000e+01 
 6.36799862e-04  3.99996000e+01 
 6.37799862e-04  3.99996000e+01 
 6.38799862e-04  3.99996000e+01 
 6.39799862e-04  3.99996000e+01 
 6.40799862e-04  3.99996000e+01 
 6.41799862e-04  3.99996000e+01 
 6.42799862e-04  3.99996000e+01 
 6.43799862e-04  3.99996000e+01 
 6.44799862e-04  3.99996000e+01 
 6.45799862e-04  3.99996000e+01 
 6.46799862e-04  3.99996000e+01 
 6.47799862e-04  3.99996000e+01 
 6.48799862e-04  3.99996000e+01 
 6.49799862e-04  3.99996000e+01 
 6.50799862e-04  3.99996000e+01 
 6.51799862e-04  3.99996000e+01 
 6.52799862e-04  3.99996000e+01 
 6.53799862e-04  3.99996000e+01 
 6.54799862e-04  3.99996000e+01 
 6.55799862e-04  3.99996000e+01 
 6.56799862e-04  3.99996000e+01 
 6.57799862e-04  3.99996000e+01 
 6.58799862e-04  3.99996000e+01 
 6.58924862e-04  3.99996000e+01 
 6.59174862e-04  3.99996000e+01 
 6.59674862e-04  3.99996000e+01 
 6.59799862e-04  3.99996000e+01 
 6.60049862e-04  3.99996000e+01 
 6.60549862e-04  3.99996000e+01 
 6.61549862e-04  3.99996000e+01 
 6.62549862e-04  3.99996000e+01 
 6.63549862e-04  3.99996000e+01 
 6.64549862e-04  3.99996000e+01 
 6.65549862e-04  3.99996000e+01 
 6.66549862e-04  3.99996000e+01 
 6.67549862e-04  3.99996000e+01 
 6.68549862e-04  3.99996000e+01 
 6.69549862e-04  3.99996000e+01 
 6.70549862e-04  3.99996000e+01 
 6.71549862e-04  3.99996000e+01 
 6.72549862e-04  3.99996000e+01 
 6.73549862e-04  3.99996000e+01 
 6.74549862e-04  3.99996000e+01 
 6.75549862e-04  3.99996000e+01 
 6.76549862e-04  3.99996000e+01 
 6.77549862e-04  3.99996000e+01 
 6.78549862e-04  3.99996000e+01 
 6.79549862e-04  3.99996000e+01 
 6.80549862e-04  3.99996000e+01 
 6.81549862e-04  3.99996000e+01 
 6.82549862e-04  3.99996000e+01 
 6.83549862e-04  3.99996000e+01 
 6.84549862e-04  3.99996000e+01 
 6.85549862e-04  3.99996000e+01 
 6.86549862e-04  3.99996000e+01 
 6.87549862e-04  3.99996000e+01 
 6.88549862e-04  3.99996000e+01 
 6.89549862e-04  3.99996000e+01 
 6.90549862e-04  3.99996000e+01 
 6.91549862e-04  3.99996000e+01 
 6.92549862e-04  3.99996000e+01 
 6.92674862e-04  3.99996000e+01 
 6.92924862e-04  3.99996000e+01 
 6.93424862e-04  3.99996000e+01 
 6.94424862e-04  3.99996000e+01 
 6.95424862e-04  3.99996000e+01 
 6.96424862e-04  3.99996000e+01 
 6.97424862e-04  3.99996000e+01 
 6.98424862e-04  3.99996000e+01 
 6.99424862e-04  3.99996000e+01 
 7.00424862e-04  3.99996000e+01 
 7.01424862e-04  3.99996000e+01 
 7.02424862e-04  3.99996000e+01 
 7.03424862e-04  3.99996000e+01 
 7.04424862e-04  3.99996000e+01 
 7.05424862e-04  3.99996000e+01 
 7.06424862e-04  3.99996000e+01 
 7.07424862e-04  3.99996000e+01 
 7.08424862e-04  3.99996000e+01 
 7.09424862e-04  3.99996000e+01 
 7.10424862e-04  3.99996000e+01 
 7.11424862e-04  3.99996000e+01 
 7.12424862e-04  3.99996000e+01 
 7.13424862e-04  3.99996000e+01 
 7.14424862e-04  3.99996000e+01 
 7.15424862e-04  3.99996000e+01 
 7.16424862e-04  3.99996000e+01 
 7.17424862e-04  3.99996000e+01 
 7.18424862e-04  3.99996000e+01 
 7.19424862e-04  3.99996000e+01 
 7.20424862e-04  3.99996000e+01 
 7.21424862e-04  3.99996000e+01 
 7.22424862e-04  3.99996000e+01 
 7.23424862e-04  3.99996000e+01 
 7.24424862e-04  3.99996000e+01 
 7.25424862e-04  3.99996000e+01 
 7.25549862e-04  3.99996000e+01 
 7.25581112e-04  3.99996000e+01 
 7.25643612e-04  3.99996000e+01 
 7.25768612e-04  3.99996000e+01 
 7.26018612e-04  3.99996000e+01 
 7.26518612e-04  3.99996000e+01 
 7.27518612e-04  3.99996000e+01 
 7.28518612e-04  3.99996000e+01 
 7.29518612e-04  3.99996000e+01 
 7.30518612e-04  3.99996000e+01 
 7.31518612e-04  3.99996000e+01 
 7.32518612e-04  3.99996000e+01 
 7.33518612e-04  3.99996000e+01 
 7.34518612e-04  3.99996000e+01 
 7.35518612e-04  3.99996000e+01 
 7.36518612e-04  3.99996000e+01 
 7.37518612e-04  3.99996000e+01 
 7.38518612e-04  3.99996000e+01 
 7.39518612e-04  3.99996000e+01 
 7.40518612e-04  3.99996000e+01 
 7.41518612e-04  3.99996000e+01 
 7.42518612e-04  3.99996000e+01 
 7.43518612e-04  3.99996000e+01 
 7.44518612e-04  3.99996000e+01 
 7.45518612e-04  3.99996000e+01 
 7.46518612e-04  3.99996000e+01 
 7.47518612e-04  3.99996000e+01 
 7.48518612e-04  3.99996000e+01 
 7.49518612e-04  3.99996000e+01 
 7.50518612e-04  3.99996000e+01 
 7.51518612e-04  3.99996000e+01 
 7.52518612e-04  3.99996000e+01 
 7.53518612e-04  3.99996000e+01 
 7.54518612e-04  3.99996000e+01 
 7.55518612e-04  3.99996000e+01 
 7.56518612e-04  3.99996000e+01 
 7.57518612e-04  3.99996000e+01 
 7.58518612e-04  3.99996000e+01 
 7.59518612e-04  3.99996000e+01 
 7.59643612e-04  3.99996000e+01 
 7.59893612e-04  3.99996000e+01 
 7.60393612e-04  3.99996000e+01 
 7.61393612e-04  3.99996000e+01 
 7.62393612e-04  3.99996000e+01 
 7.63393612e-04  3.99996000e+01 
 7.64393612e-04  3.99996000e+01 
 7.65393612e-04  3.99996000e+01 
 7.66393612e-04  3.99996000e+01 
 7.67393612e-04  3.99996000e+01 
 7.68393612e-04  3.99996000e+01 
 7.69393612e-04  3.99996000e+01 
 7.70393612e-04  3.99996000e+01 
 7.71393612e-04  3.99996000e+01 
 7.72393612e-04  3.99996000e+01 
 7.73393612e-04  3.99996000e+01 
 7.74393612e-04  3.99996000e+01 
 7.75393612e-04  3.99996000e+01 
 7.76393612e-04  3.99996000e+01 
 7.77393612e-04  3.99996000e+01 
 7.78393612e-04  3.99996000e+01 
 7.79393612e-04  3.99996000e+01 
 7.80393612e-04  3.99996000e+01 
 7.81393612e-04  3.99996000e+01 
 7.82393612e-04  3.99996000e+01 
 7.83393612e-04  3.99996000e+01 
 7.84393612e-04  3.99996000e+01 
 7.85393612e-04  3.99996000e+01 
 7.86393612e-04  3.99996000e+01 
 7.87393612e-04  3.99996000e+01 
 7.88393612e-04  3.99996000e+01 
 7.89393612e-04  3.99996000e+01 
 7.90393612e-04  3.99996000e+01 
 7.91393612e-04  3.99996000e+01 
 7.91518612e-04  3.99996000e+01 
 7.91768612e-04  3.99996000e+01 
 7.92268612e-04  3.99996000e+01 
 7.93268612e-04  3.99996000e+01 
 7.94268612e-04  3.99996000e+01 
 7.95268612e-04  3.99996000e+01 
 7.96268612e-04  3.99996000e+01 
 7.97268612e-04  3.99996000e+01 
 7.98268612e-04  3.99996000e+01 
 7.99268612e-04  3.99996000e+01 
 8.00004000e-04  3.99996000e+01 
 8.00004100e-04  4.03116242e+01 
 8.00004300e-04  4.11621751e+01 
 8.00004642e-04  4.27895780e+01 
 8.00004960e-04  4.40711996e+01 
 8.00005000e-04  4.42273881e+01 
 8.00005039e-04  4.42971636e+01 
 8.00005118e-04  4.43357151e+01 
 8.00005276e-04  4.41413994e+01 
 8.00005592e-04  4.36564165e+01 
 8.00005896e-04  4.32460277e+01 
 8.00006502e-04  4.25344281e+01 
 8.00007716e-04  4.14838803e+01 
 8.00009721e-04  4.04775038e+01 
 8.00011480e-04  4.00620709e+01 
 8.00012941e-04  3.98944421e+01 
 8.00014393e-04  3.98197300e+01 
 8.00016140e-04  3.97977459e+01 
 8.00018316e-04  3.98269661e+01 
 8.00021070e-04  3.98994807e+01 
 8.00024035e-04  3.02919489e+01 
 8.00026778e-04  1.67207661e+01 
 8.00029048e-04  5.84897030e+00 
 8.00031633e-04  4.27408289e-01 
 8.00032664e-04  2.47688715e-01 
 8.00034077e-04 -2.10070605e-01 
 8.00035328e-04 -2.84958535e-02 
 8.00036556e-04 -2.50392539e-01 
 8.00038264e-04 -1.26072519e-01 
 8.00040579e-04 -2.60651618e-01 
 8.00044305e-04 -1.35060694e-01 
 8.00051666e-04 -1.96141599e-01 
 8.00066390e-04 -2.90857333e-02 
 8.00086174e-04 -8.17904506e-02 
 8.00102256e-04  3.08362132e-02 
 8.00119951e-04 -5.36758005e-02 
 8.00138901e-04  4.33775477e-02 
 8.00163340e-04 -4.51556986e-02 
 8.00195450e-04  4.60697468e-02 
 8.00250674e-04 -4.31751898e-02 
 8.00331672e-04  4.59933816e-02 
 8.00493666e-04 -4.29630495e-02 
 8.00817656e-04  4.58836064e-02 
 8.01465635e-04 -4.29079110e-02 
 8.02465635e-04  4.58532754e-02 
 8.03465635e-04 -4.28840484e-02 
 8.04465635e-04  4.58294031e-02 
 8.05465635e-04 -4.28601715e-02 
 8.06465635e-04  4.58055207e-02 
 8.07465635e-04 -4.28362874e-02 
 8.08465635e-04  4.57816339e-02 
 8.09465635e-04 -4.28124010e-02 
 8.10465635e-04  4.57577472e-02 
 8.11465635e-04 -4.27885165e-02 
 8.12465635e-04  4.57338643e-02 
 8.13465635e-04 -4.27646373e-02 
 8.14465635e-04  4.57099881e-02 
 8.15465635e-04 -4.27407660e-02 
 8.16465635e-04  4.56861212e-02 
 8.17465635e-04 -4.27169048e-02 
 8.18465635e-04  4.56622653e-02 
 8.19465635e-04 -4.26930554e-02 
 8.20465635e-04  4.56384221e-02 
 8.21465635e-04 -4.26692193e-02 
 8.22465635e-04  4.56145928e-02 
 8.23465635e-04 -4.26453976e-02 
 8.24465635e-04  4.55907783e-02 
 8.25465635e-04 -4.26215911e-02 
 8.26465635e-04  4.55669795e-02 
 8.27465635e-04 -4.25978004e-02 
 8.28465635e-04  4.55431968e-02 
 8.29465635e-04 -4.25740263e-02 
 8.30465635e-04  4.55194309e-02 
 8.31465635e-04 -4.25502689e-02 
 8.32465635e-04  4.54956819e-02 
 8.33465635e-04 -4.25265287e-02 
 8.34465635e-04  4.54719503e-02 
 8.35465635e-04 -4.25028059e-02 
 8.36465635e-04  4.54482360e-02 
 8.37465635e-04 -4.24791005e-02 
 8.38465635e-04  4.54245394e-02 
 8.39465635e-04 -4.24554128e-02 
 8.40465635e-04  4.54008604e-02 
 8.41465635e-04 -4.24317427e-02 
 8.42465635e-04  4.53771991e-02 
 8.43465635e-04 -4.24080904e-02 
 8.44465635e-04  4.53535554e-02 
 8.45465635e-04 -4.23844557e-02 
 8.46465635e-04  4.53299295e-02 
 8.47465635e-04 -4.23608386e-02 
 8.48465635e-04  4.53063211e-02 
 8.49465635e-04 -4.23372391e-02 
 8.50465635e-04  4.52827303e-02 
 8.51465635e-04 -4.23136571e-02 
 8.52465635e-04  4.52591571e-02 
 8.53465635e-04 -4.22900926e-02 
 8.54465635e-04  4.52356012e-02 
 8.55465635e-04 -4.22665455e-02 
 8.56465635e-04  4.52120626e-02 
 8.57465635e-04 -4.22430157e-02 
 8.58465635e-04  4.51885413e-02 
 8.59465635e-04 -4.22195030e-02 
 8.60465635e-04  4.51650371e-02 
 8.61465635e-04 -4.21960074e-02 
 8.62465635e-04  4.51415500e-02 
 8.63465635e-04 -4.21725289e-02 
 8.64465635e-04  4.51180798e-02 
 8.65465635e-04 -4.21490672e-02 
 8.66465635e-04  4.50946265e-02 
 8.67465635e-04 -4.21256223e-02 
 8.68465635e-04  4.50711898e-02 
 8.69465635e-04 -4.21021940e-02 
 8.70465635e-04  4.50477699e-02 
 8.71465635e-04 -4.20787824e-02 
 8.72465635e-04  4.50243664e-02 
 8.73465635e-04 -4.20553873e-02 
 8.74465635e-04  4.50009794e-02 
 8.75465635e-04 -4.20320085e-02 
 8.76465635e-04  4.49776087e-02 
 8.77465635e-04 -4.20086460e-02 
 8.78465635e-04  4.49542543e-02 
 8.79465635e-04 -4.19852997e-02 
 8.80465635e-04  4.49309160e-02 
 8.81465635e-04 -4.19619695e-02 
 8.82465635e-04  4.49075937e-02 
 8.83465635e-04 -4.19386553e-02 
 8.84465635e-04  4.48842874e-02 
 8.85465635e-04 -4.19153571e-02 
 8.86465635e-04  4.48609970e-02 
 8.87465635e-04 -4.18920746e-02 
 8.88465635e-04  4.48377223e-02 
 8.89465635e-04 -4.18688078e-02 
 8.90465635e-04  4.48144633e-02 
 8.91465635e-04 -4.18455567e-02 
 8.92465635e-04  4.47912199e-02 
 8.93465635e-04 -4.18223211e-02 
 8.94465635e-04  4.47679920e-02 
 8.95465635e-04 -4.17991010e-02 
 8.96465635e-04  4.47447795e-02 
 8.97465635e-04 -4.17758963e-02 
 8.98465635e-04  4.47215824e-02 
 8.99465635e-04 -4.17527069e-02 
 9.00465635e-04  4.46984005e-02 
 9.01465635e-04 -4.17295327e-02 
 9.02465635e-04  4.46752338e-02 
 9.03465635e-04 -4.17063737e-02 
 9.04465635e-04  4.46520822e-02 
 9.05465635e-04 -4.16832297e-02 
 9.06465635e-04  4.46289457e-02 
 9.07465635e-04 -4.16601007e-02 
 9.08465635e-04  4.46058241e-02 
 9.09465635e-04 -4.16369866e-02 
 9.10465635e-04  4.45827174e-02 
 9.11465635e-04 -4.16138874e-02 
 9.12465635e-04  4.45596255e-02 
 9.13465635e-04 -4.15908030e-02 
 9.14465635e-04  4.45365484e-02 
 9.15465635e-04 -4.15677333e-02 
 9.16465635e-04  4.45134860e-02 
 9.17465635e-04 -4.15446783e-02 
 9.18465635e-04  4.44904381e-02 
 9.19465635e-04 -4.15216378e-02 
 9.20465635e-04  4.44674049e-02 
 9.21465635e-04 -4.14986119e-02 
 9.22465635e-04  4.44443861e-02 
 9.23465635e-04 -4.14756004e-02 
 9.24465635e-04  4.44213817e-02 
 9.25465635e-04 -4.14526033e-02 
 9.26465635e-04  4.43983917e-02 
 9.27465635e-04 -4.14296205e-02 
 9.28465635e-04  4.43754160e-02 
 9.29465635e-04 -4.14066520e-02 
 9.30465635e-04  4.43524546e-02 
 9.31465635e-04 -4.13836978e-02 
 9.32465635e-04  4.43295073e-02 
 9.33465635e-04 -4.13607577e-02 
 9.34465635e-04  4.43065742e-02 
 9.35465635e-04 -4.13378317e-02 
 9.36465635e-04  4.42836552e-02 
 9.37465635e-04 -4.13149198e-02 
 9.38465635e-04  4.42607502e-02 
 9.39465635e-04 -4.12920219e-02 
 9.40465635e-04  4.42378592e-02 
 9.41465635e-04 -4.12691379e-02 
 9.42465635e-04  4.42149821e-02 
 9.43465635e-04 -4.12462679e-02 
 9.44465635e-04  4.41921189e-02 
 9.45465635e-04 -4.12234117e-02 
 9.46465635e-04  4.41692695e-02 
 9.47465635e-04 -4.12005693e-02 
 9.48465635e-04  4.41464339e-02 
 9.49465635e-04 -4.11777406e-02 
 9.50465635e-04  4.41236121e-02 
 9.51465635e-04 -4.11549257e-02 
 9.52465635e-04  4.41008039e-02 
 9.53465635e-04 -4.11321244e-02 
 9.54465635e-04  4.40780094e-02 
 9.55465635e-04 -4.11093368e-02 
 9.56465635e-04  4.40552285e-02 
 9.57465635e-04 -4.10865627e-02 
 9.58465635e-04  4.40324611e-02 
 9.59465635e-04 -4.10638022e-02 
 9.60465635e-04  4.40097072e-02 
 9.61465635e-04 -4.10410552e-02 
 9.62465635e-04  4.39869668e-02 
 9.63465635e-04 -4.10183216e-02 
 9.64465635e-04  4.39642399e-02 
 9.65465635e-04 -4.09956014e-02 
 9.66465635e-04  4.39415263e-02 
 9.67465635e-04 -4.09728946e-02 
 9.68465635e-04  4.39188262e-02 
 9.69465635e-04 -4.09502012e-02 
 9.70465635e-04  4.38961393e-02 
 9.71465635e-04 -4.09275210e-02 
 9.72465635e-04  4.38734657e-02 
 9.73465635e-04 -4.09048541e-02 
 9.74465635e-04  4.38508053e-02 
 9.75465635e-04 -4.08822005e-02 
 9.76465635e-04  4.38281582e-02 
 9.77465635e-04 -4.08595600e-02 
 9.78465635e-04  4.38055242e-02 
 9.79465635e-04 -4.08369327e-02 
 9.80465635e-04  4.37829034e-02 
 9.81465635e-04 -4.08143185e-02 
 9.82465635e-04  4.37602956e-02 
 9.83465635e-04 -4.07917174e-02 
 9.84465635e-04  4.37377010e-02 
 9.85465635e-04 -4.07691293e-02 
 9.86465635e-04  4.37151194e-02 
 9.87465635e-04 -4.07465543e-02 
 9.88465635e-04  4.36925508e-02 
 9.89465635e-04 -4.07239923e-02 
 9.90465635e-04  4.36699951e-02 
 9.91465635e-04 -4.07014432e-02 
 9.92465635e-04  4.36474524e-02 
 9.93465635e-04 -4.06789071e-02 
 9.94465635e-04  4.36249227e-02 
 9.95465635e-04 -4.06563839e-02 
 9.96465635e-04  4.36024058e-02 
 9.97465635e-04 -4.06338735e-02 
 9.98465635e-04  4.35799018e-02 
 9.99465635e-04 -4.06113760e-02 
 1.00000000e-03  4.35476154e-02 
